version https://git-lfs.github.com/spec/v1
oid sha256:082a9f761de4d2f44868a79a164fb2235daf74244ac83caf9914d9eaf46bc1ac
size 91346136
